0.6931475400924683
0.6930400133132935
0.693139910697937
0.6931551098823547
0.6931850910186768
0.6931071877479553
0.6931338310241699
0.6931014060974121
0.6931450963020325
0.69313645362854
0.6930742263793945
0.6931931376457214
0.6931841373443604
0.6931138038635254
0.6932246685028076
0.6931509971618652
0.6931785941123962
0.693133533000946
0.6931544542312622
0.6931360363960266
0.6931753158569336
0.6931651830673218
0.6931511163711548
0.6931532621383667
0.6931378245353699
0.6931488513946533
0.6931437253952026
0.6931431889533997
0.693092942237854
0.6931750178337097
0.693172037601471
0.6931487917900085
0.6931712627410889
0.6931683421134949
0.6931533813476562
0.6931492686271667
0.6932083964347839
0.6930453181266785
0.6931129693984985
0.6932074427604675
0.6931206583976746
0.6931827068328857
0.6931033730506897
0.6931606531143188
0.6931372880935669
0.69317227602005
0.6931107044219971
0.6931154727935791
0.6931938529014587
0.6932826638221741
0.6932423710823059
0.6931905746459961
0.6931506395339966
0.6931438446044922
0.6931609511375427
0.69315105676651
0.6931482553482056
0.6931400895118713
0.6931483149528503
0.6931435465812683
0.6930944919586182
0.6931304931640625
0.6931834816932678
0.6930789947509766
0.6932030916213989
0.693130373954773
0.6933913826942444
0.6931991577148438
0.6931377649307251
0.6931768655776978
0.6931586861610413
0.6931484341621399
0.6931391358375549
0.6931250691413879
0.6931028366088867
0.6931021213531494
0.6932262182235718
0.6931752562522888
0.6930727362632751
0.6929311156272888
0.6933025121688843
0.6932255625724792
0.6931764483451843
0.6930979490280151
0.6930376887321472
0.6931535005569458
0.6931277513504028
0.6931778788566589
0.6931575536727905
0.6931436657905579
0.6931729316711426
0.6931415796279907
0.6931697726249695
0.6931543946266174
0.6931476593017578
0.6931473016738892
0.6931586861610413
0.6931456923484802
0.6931430697441101
0.6931284070014954
0.693142831325531
0.6931363940238953
0.6931345462799072
0.6931135058403015
0.6930984258651733
0.6931260228157043
0.6932108998298645
0.6931638717651367
0.6931529641151428
0.6931443810462952
0.6931477785110474
0.6931700110435486
0.6931299567222595
0.6932107210159302
0.6930974125862122
0.6931627988815308
0.6931964159011841
0.6932250261306763
0.6932283043861389
0.6932194828987122
0.6931582093238831
0.6931501626968384
0.693153440952301
0.6930548548698425
0.6932091116905212
0.6930834650993347
0.6931867599487305
0.6932343244552612
0.6931787133216858
0.6931471824645996
0.6931833028793335
0.6931377649307251
0.6931559443473816
0.693196713924408
0.6931144595146179
0.6931368708610535
0.6931958198547363
0.6931577920913696
0.6931461691856384
0.6931511163711548
0.6931224465370178
0.693178653717041
0.6931405663490295
0.6931737661361694
0.6931594014167786
0.6931319236755371
0.6931324005126953
0.6931299567222595
0.6931784152984619
0.6931542754173279
0.6930714845657349
0.693152666091919
0.6931881308555603
0.6931596994400024
0.6931365132331848
0.6931394338607788
0.6931548714637756
0.6931518316268921
0.6931599974632263
0.6931360363960266
0.6930868029594421
0.6930827498435974
0.6931679844856262
0.6931941509246826
0.6932410001754761
0.693097710609436
0.693099856376648
0.6931549906730652
0.6931538581848145
0.6931471824645996
0.693132758140564
0.6931745409965515
0.6931381225585938
0.6931583881378174
0.6933057904243469
0.693091630935669
0.6931243538856506
0.6934512853622437
0.6933985948562622
0.6932798624038696
0.6931629180908203
0.6931505799293518
0.6931473612785339
0.6931563019752502
0.6931016445159912
0.6932225227355957
0.6932035088539124
0.693105936050415
0.6932247877120972
0.6930989027023315
0.6931736469268799
0.6931525468826294
0.6931331753730774
0.6931236982345581
0.69318026304245
0.6931138038635254
0.6931390762329102
0.6931287050247192
0.6931091547012329
0.6931648850440979