0.6931473016738892
0.6930400133132935
0.6931400895118713
0.69315505027771
0.6931849122047424
0.6931070685386658
0.6931337714195251
0.6931014657020569
0.6931450963020325
0.6931362152099609
0.6930745244026184
0.6931930184364319
0.693183958530426
0.6931136846542358
0.6932246088981628
0.69315105676651
0.6931785941123962
0.6931335926055908
0.6931543946266174
0.6931360960006714
0.6931753158569336
0.6931651830673218
0.6931512951850891
0.6931533217430115
0.6931378841400146
0.6931486129760742
0.6931435465812683
0.6931432485580444
0.6930928230285645
0.6931749582290649
0.693172037601471
0.6931487917900085
0.6931713819503784
0.6931683421134949
0.6931532621383667
0.6931494474411011
0.6932084560394287
0.6930452585220337
0.6931130886077881
0.6932073831558228
0.6931206583976746
0.6931828856468201
0.6931034922599792
0.6931605935096741
0.6931373476982117
0.6931723952293396
0.6931106448173523
0.6931154131889343
0.6931938529014587
0.6932826638221741
0.6932423114776611
0.6931906342506409
0.6931505799293518
0.6931438446044922
0.6931610107421875
0.6931508779525757
0.6931482553482056
0.693139910697937
0.693148136138916
0.6931435465812683
0.6930944323539734
0.693130373954773
0.6931836009025574
0.6930789947509766
0.6932032108306885
0.693130373954773
0.6933913230895996
0.6931992173194885
0.6931376457214355
0.6931767463684082
0.6931583881378174
0.6931485533714294
0.693138837814331
0.6931250095367432
0.693103015422821
0.6931023597717285
0.6932260990142822
0.6931752562522888
0.6930729150772095
0.6929311156272888
0.693302571773529
0.6932254433631897
0.69317626953125
0.693097710609436
0.6930376291275024
0.6931532621383667
0.6931279301643372
0.6931777596473694
0.6931577324867249
0.6931435465812683
0.6931730508804321
0.693141520023346
0.6931696534156799
0.6931543350219727
0.6931476593017578
0.6931471824645996
0.6931589245796204
0.693145751953125
0.6931431293487549
0.6931287050247192
0.6931427717208862
0.6931363344192505
0.6931345462799072
0.6931136250495911
0.6930984258651733
0.6931260228157043
0.6932109594345093
0.6931638121604919
0.6931529641151428
0.6931443214416504
0.6931478381156921
0.6931700110435486
0.69312983751297
0.6932106614112854
0.6930972933769226
0.6931629776954651
0.6931963562965393
0.6932249665260315
0.6932281851768494
0.6932195425033569
0.6931582093238831
0.6931502819061279
0.693153440952301
0.6930547952651978
0.6932091116905212
0.6930832862854004
0.69318687915802
0.693234384059906
0.6931787133216858
0.6931472420692444
0.6931833624839783
0.6931379437446594
0.6931558847427368
0.693196713924408
0.6931143999099731
0.693136990070343
0.6931957602500916
0.6931578516960144
0.6931463479995728
0.6931509375572205
0.6931226253509521
0.6931785941123962
0.6931405663490295
0.6931736469268799
0.6931595206260681
0.6931319236755371
0.6931323409080505
0.6931301355361938
0.6931783556938171
0.6931540966033936
0.6930714249610901
0.693152904510498
0.6931881904602051
0.6931595206260681
0.6931363940238953
0.6931393146514893
0.6931549310684204
0.6931518316268921
0.6931600570678711
0.6931359767913818
0.693086564540863
0.6930826306343079
0.693168044090271
0.6931942105293274
0.6932410001754761
0.693097710609436
0.693099856376648
0.69315505027771
0.693153977394104
0.6931472420692444
0.6931328177452087
0.6931746602058411
0.6931381821632385
0.6931582689285278
0.6933059692382812
0.6930915117263794
0.6931243538856506
0.6934514045715332
0.6933988928794861
0.6932798624038696
0.6931632161140442
0.6931505799293518
0.6931473016738892
0.6931563019752502
0.6931017637252808
0.6932226419448853
0.6932034492492676
0.6931058764457703
0.6932246088981628
0.6930988430976868
0.6931736469268799
0.6931524276733398
0.6931332945823669
0.6931236386299133
0.6931801438331604
0.6931136250495911
0.6931392550468445
0.6931288838386536
0.6931090950965881
0.6931648254394531