0.6931473016738892
0.6930400729179382
0.6931402087211609
0.69315505027771
0.6931849122047424
0.6931070685386658
0.6931337118148804
0.6931014060974121
0.693144679069519
0.6931362748146057
0.6930745840072632
0.6931930780410767
0.6931840777397156
0.6931135654449463
0.6932245492935181
0.6931509375572205
0.6931784152984619
0.6931337714195251
0.693154513835907
0.6931360363960266
0.6931752562522888
0.6931653022766113
0.6931512355804443
0.6931530833244324
0.6931378841400146
0.6931486129760742
0.6931437253952026
0.6931434273719788
0.6930927634239197
0.6931749582290649
0.6931719779968262
0.6931490302085876
0.6931714415550232
0.6931683421134949
0.6931533217430115
0.6931492686271667
0.6932084560394287
0.6930454969406128
0.6931130290031433
0.6932073831558228
0.6931207776069641
0.6931827664375305
0.693103551864624
0.6931607127189636
0.6931374669075012
0.69317227602005
0.6931108832359314
0.6931152939796448
0.6931939125061035
0.6932826638221741
0.6932422518730164
0.6931905746459961
0.693150520324707
0.6931438446044922
0.693160891532898
0.6931508779525757
0.693148136138916
0.6931400299072266
0.6931481957435608
0.6931434869766235
0.6930946111679077
0.6931304335594177
0.693183422088623
0.6930789947509766
0.6932030320167542
0.6931302547454834
0.6933913826942444
0.6931991577148438
0.6931378841400146
0.6931770443916321
0.6931586265563965
0.6931484937667847
0.6931388974189758
0.6931250095367432
0.693103015422821
0.6931023001670837
0.6932262182235718
0.6931753754615784
0.6930726170539856
0.6929312944412231
0.693302571773529
0.6932252645492554
0.6931763291358948
0.693097710609436
0.6930376291275024
0.6931533217430115
0.6931278705596924
0.6931778788566589
0.6931576728820801
0.6931436657905579
0.6931729912757874
0.6931415796279907
0.6931697130203247
0.6931542754173279
0.6931475400924683
0.6931473016738892
0.6931589245796204
0.6931456923484802
0.6931431293487549
0.6931285858154297
0.693142831325531
0.6931363344192505
0.6931344270706177
0.6931136250495911
0.6930983066558838
0.6931259632110596
0.693211019039154
0.6931636929512024
0.6931530237197876
0.6931443214416504
0.6931476593017578
0.6931700706481934
0.69312983751297
0.6932106614112854
0.6930974125862122
0.6931630373001099
0.6931962370872498
0.6932251453399658
0.6932281851768494
0.6932194828987122
0.6931582093238831
0.6931502819061279
0.693153440952301
0.6930545568466187
0.693209171295166
0.6930832862854004
0.6931869387626648
0.6932346224784851
0.693178653717041
0.6931472420692444
0.6931833624839783
0.6931377649307251
0.6931559443473816
0.6931968331336975
0.6931143999099731
0.6931371092796326
0.6931959390640259
0.6931577324867249
0.6931463479995728
0.6931511759757996
0.6931225061416626
0.6931787133216858
0.6931406259536743
0.6931735873222351
0.6931595206260681
0.6931317448616028
0.6931322813034058
0.6931302547454834
0.6931782960891724
0.6931543946266174
0.6930716037750244
0.6931528449058533
0.6931881904602051
0.6931595802307129
0.6931363940238953
0.6931394934654236
0.6931549906730652
0.6931518912315369
0.6931601762771606
0.6931359767913818
0.6930863261222839
0.6930826902389526
0.693168044090271
0.6931941509246826
0.6932411193847656
0.6930977702140808
0.6930997967720032
0.6931549906730652
0.6931539177894592
0.6931472420692444
0.6931326985359192
0.6931745409965515
0.6931379437446594
0.6931582689285278
0.6933060884475708
0.693091630935669
0.6931243538856506
0.6934512853622437
0.693398654460907
0.6932798624038696
0.6931633353233337
0.6931505799293518
0.6931473612785339
0.6931564211845398
0.693101704120636
0.6932228207588196
0.6932032704353333
0.6931060552597046
0.6932246685028076
0.6930988430976868
0.6931737065315247
0.6931525468826294
0.6931332945823669
0.6931236386299133
0.6931802034378052
0.6931136846542358
0.6931393146514893
0.6931288242340088
0.6931090950965881
0.6931647658348083